# Blender v2.91.0 OBJ File: ''
# www.blender.org
mtllib floating_lights.mtl
o Cube_Cube.001
v -0.320584 0.010913 0.178572
v -0.165257 0.343572 -0.050041
v -0.222087 -0.257875 -0.145625
v -0.066759 0.074784 -0.374238
v 0.070855 -0.053455 0.350866
v 0.226182 0.279204 0.122253
v 0.169352 -0.322243 0.026669
v 0.324680 0.010416 -0.201944
vt 0.375000 0.000000
vt 0.625000 0.000000
vt 0.625000 0.250000
vt 0.375000 0.250000
vt 0.625000 0.500000
vt 0.375000 0.500000
vt 0.625000 0.750000
vt 0.375000 0.750000
vt 0.625000 1.000000
vt 0.375000 1.000000
vt 0.125000 0.500000
vt 0.125000 0.750000
vt 0.875000 0.500000
vt 0.875000 0.750000
vn -0.9051 0.1488 -0.3984
vn 0.2277 -0.6215 -0.7496
vn 0.9051 -0.1488 0.3984
vn -0.2277 0.6215 0.7496
vn -0.3591 -0.7692 0.5286
vn 0.3591 0.7692 -0.5286
usemtl Material.008
s off
f 1/1/1 2/2/1 4/3/1 3/4/1
f 3/4/2 4/3/2 8/5/2 7/6/2
f 7/6/3 8/5/3 6/7/3 5/8/3
f 5/8/4 6/7/4 2/9/4 1/10/4
f 3/11/5 7/6/5 5/8/5 1/12/5
f 8/5/6 4/13/6 2/14/6 6/7/6
o Cube.001_Cube.002
v 0.600833 1.161288 -0.570367
v 0.681097 1.201554 -0.780261
v 0.405594 1.083899 -0.659874
v 0.485858 1.124165 -0.869767
v 0.687772 0.950318 -0.577595
v 0.768035 0.990584 -0.787488
v 0.492533 0.872929 -0.667101
v 0.572797 0.913195 -0.876994
vt 0.375000 0.000000
vt 0.625000 0.000000
vt 0.625000 0.250000
vt 0.375000 0.250000
vt 0.625000 0.500000
vt 0.375000 0.500000
vt 0.625000 0.750000
vt 0.375000 0.750000
vt 0.625000 1.000000
vt 0.375000 1.000000
vt 0.125000 0.500000
vt 0.125000 0.750000
vt 0.875000 0.500000
vt 0.875000 0.750000
vn -0.3808 0.9241 0.0317
vn -0.8552 -0.3390 -0.3921
vn 0.3808 -0.9241 -0.0317
vn 0.8552 0.3390 0.3921
vn -0.3516 -0.1764 0.9194
vn 0.3516 0.1764 -0.9194
usemtl Material.002
s off
f 9/15/7 10/16/7 12/17/7 11/18/7
f 11/18/8 12/17/8 16/19/8 15/20/8
f 15/20/9 16/19/9 14/21/9 13/22/9
f 13/22/10 14/21/10 10/23/10 9/24/10
f 11/25/11 15/20/11 13/22/11 9/26/11
f 16/19/12 12/27/12 10/28/12 14/21/12
o Cube.002_Cube.003
v 0.558265 0.651738 1.078049
v 0.773199 0.762535 1.160806
v 0.525564 0.841066 0.909505
v 0.740498 0.951863 0.992262
v 0.692635 0.520587 0.904654
v 0.907569 0.631384 0.987412
v 0.659934 0.709915 0.736110
v 0.874868 0.820712 0.818868
vt 0.375000 0.000000
vt 0.625000 0.000000
vt 0.625000 0.250000
vt 0.375000 0.250000
vt 0.625000 0.500000
vt 0.375000 0.500000
vt 0.625000 0.750000
vt 0.375000 0.750000
vt 0.625000 1.000000
vt 0.375000 1.000000
vt 0.125000 0.500000
vt 0.125000 0.750000
vt 0.875000 0.500000
vt 0.875000 0.750000
vn -0.5257 0.5131 0.6784
vn -0.1279 0.7408 -0.6595
vn 0.5257 -0.5131 -0.6784
vn 0.1279 -0.7408 0.6595
vn -0.8410 -0.4335 -0.3238
vn 0.8410 0.4335 0.3238
usemtl Material.004
s off
f 17/29/13 18/30/13 20/31/13 19/32/13
f 19/32/14 20/31/14 24/33/14 23/34/14
f 23/34/15 24/33/15 22/35/15 21/36/15
f 21/36/16 22/35/16 18/37/16 17/38/16
f 19/39/17 23/34/17 21/36/17 17/40/17
f 24/33/18 20/41/18 18/42/18 22/35/18
o Cube.003_Cube.004
v 0.795042 -0.612223 1.038379
v 0.976730 -0.760289 0.936460
v 0.932125 -0.404353 0.980764
v 1.113813 -0.552418 0.878845
v 0.678770 -0.598516 0.811191
v 0.860458 -0.746581 0.709272
v 0.815853 -0.390645 0.753576
v 0.997541 -0.538711 0.651657
vt 0.375000 0.000000
vt 0.625000 0.000000
vt 0.625000 0.250000
vt 0.375000 0.250000
vt 0.625000 0.500000
vt 0.375000 0.500000
vt 0.625000 0.750000
vt 0.375000 0.750000
vt 0.625000 1.000000
vt 0.375000 1.000000
vt 0.125000 0.500000
vt 0.125000 0.750000
vt 0.875000 0.500000
vt 0.875000 0.750000
vn 0.4549 -0.0536 0.8889
vn 0.5364 0.8133 -0.2254
vn -0.4549 0.0536 -0.8889
vn -0.5364 -0.8133 0.2254
vn -0.7109 0.5793 0.3988
vn 0.7109 -0.5793 -0.3988
usemtl Material.005
s off
f 25/43/19 26/44/19 28/45/19 27/46/19
f 27/46/20 28/45/20 32/47/20 31/48/20
f 31/48/21 32/47/21 30/49/21 29/50/21
f 29/50/22 30/49/22 26/51/22 25/52/22
f 27/53/23 31/48/23 29/50/23 25/54/23
f 32/47/24 28/55/24 26/56/24 30/49/24
o Cube.004_Cube.005
v -0.803303 -0.879095 0.197619
v -0.956972 -0.693110 0.113256
v -0.711110 -0.910127 -0.038726
v -0.864779 -0.724143 -0.123089
v -0.621073 -0.706560 0.246048
v -0.774741 -0.520576 0.161685
v -0.528880 -0.737593 0.009703
v -0.682549 -0.551609 -0.074660
vt 0.375000 0.000000
vt 0.625000 0.000000
vt 0.625000 0.250000
vt 0.375000 0.250000
vt 0.625000 0.500000
vt 0.375000 0.500000
vt 0.625000 0.750000
vt 0.375000 0.750000
vt 0.625000 1.000000
vt 0.375000 1.000000
vt 0.125000 0.500000
vt 0.125000 0.750000
vt 0.875000 0.500000
vt 0.875000 0.750000
vn -0.7130 -0.6751 -0.1895
vn 0.3607 -0.1214 -0.9247
vn 0.7130 0.6751 0.1895
vn -0.3607 0.1214 0.9247
vn 0.6013 -0.7277 0.3301
vn -0.6013 0.7277 -0.3301
usemtl Material.007
s off
f 33/57/25 34/58/25 36/59/25 35/60/25
f 35/60/26 36/59/26 40/61/26 39/62/26
f 39/62/27 40/61/27 38/63/27 37/64/27
f 37/64/28 38/63/28 34/65/28 33/66/28
f 35/67/29 39/62/29 37/64/29 33/68/29
f 40/61/30 36/69/30 34/70/30 38/63/30
o Cube.005_Cube.006
v -0.817102 0.364756 1.024958
v -0.573618 0.413984 1.085070
v -0.826212 0.579213 0.886227
v -0.582728 0.628442 0.946338
v -0.739941 0.234733 0.818896
v -0.496457 0.283962 0.879007
v -0.749051 0.449191 0.680165
v -0.505567 0.498419 0.740276
vt 0.375000 0.000000
vt 0.625000 0.000000
vt 0.625000 0.250000
vt 0.375000 0.250000
vt 0.625000 0.500000
vt 0.375000 0.500000
vt 0.625000 0.750000
vt 0.375000 0.750000
vt 0.625000 1.000000
vt 0.375000 1.000000
vt 0.125000 0.500000
vt 0.125000 0.750000
vt 0.875000 0.500000
vt 0.875000 0.750000
vn -0.3019 0.5087 0.8063
vn -0.0356 0.8391 -0.5428
vn 0.3019 -0.5087 -0.8063
vn 0.0356 -0.8391 0.5428
vn -0.9527 -0.1926 -0.2352
vn 0.9527 0.1926 0.2352
usemtl Material.003
s off
f 41/71/31 42/72/31 44/73/31 43/74/31
f 43/74/32 44/73/32 48/75/32 47/76/32
f 47/76/33 48/75/33 46/77/33 45/78/33
f 45/78/34 46/77/34 42/79/34 41/80/34
f 43/81/35 47/76/35 45/78/35 41/82/35
f 48/75/36 44/83/36 42/84/36 46/77/36
o Cube.006_Cube.007
v -0.512147 0.688811 -1.067375
v -0.411829 0.756600 -0.858345
v -0.723944 0.657384 -0.955538
v -0.623626 0.725174 -0.746507
v -0.453568 0.459094 -1.020990
v -0.353250 0.526883 -0.811959
v -0.665365 0.427667 -0.909153
v -0.565047 0.495457 -0.700122
vt 0.375000 0.000000
vt 0.375000 0.250000
vt 0.625000 0.250000
vt 0.625000 0.000000
vt 0.375000 0.500000
vt 0.625000 0.500000
vt 0.375000 0.750000
vt 0.625000 0.750000
vt 0.375000 1.000000
vt 0.625000 1.000000
vt 0.125000 0.500000
vt 0.125000 0.750000
vt 0.875000 0.750000
vt 0.875000 0.500000
vn -0.2425 0.9510 -0.1920
vn -0.8768 -0.1301 0.4630
vn 0.2425 -0.9510 0.1920
vn 0.8768 0.1301 -0.4630
vn -0.4153 -0.2806 -0.8653
vn 0.4153 0.2806 0.8653
usemtl Material.001
s off
f 49/85/37 51/86/37 52/87/37 50/88/37
f 51/86/38 55/89/38 56/90/38 52/87/38
f 55/89/39 53/91/39 54/92/39 56/90/39
f 53/91/40 49/93/40 50/94/40 54/92/40
f 51/95/41 49/96/41 53/91/41 55/89/41
f 56/90/42 54/92/42 50/97/42 52/98/42
o Cube.007_Cube.008
v -0.070394 -0.898441 -0.689074
v 0.098640 -0.730507 -0.596625
v -0.116052 -0.743464 -0.887111
v 0.052981 -0.575529 -0.794661
v 0.115789 -1.012902 -0.821573
v 0.284823 -0.844967 -0.729123
v 0.070131 -0.857924 -1.019610
v 0.239165 -0.689989 -0.927160
vt 0.375000 0.000000
vt 0.625000 0.000000
vt 0.625000 0.250000
vt 0.375000 0.250000
vt 0.625000 0.500000
vt 0.375000 0.500000
vt 0.625000 0.750000
vt 0.375000 0.750000
vt 0.625000 1.000000
vt 0.375000 1.000000
vt 0.125000 0.500000
vt 0.125000 0.750000
vt 0.875000 0.500000
vt 0.875000 0.750000
vn -0.7285 0.4478 0.5184
vn -0.1786 0.6064 -0.7749
vn 0.7285 -0.4478 -0.5184
vn 0.1786 -0.6064 0.7749
vn -0.6614 -0.6571 -0.3617
vn 0.6614 0.6571 0.3617
usemtl Material.006
s off
f 57/99/43 58/100/43 60/101/43 59/102/43
f 59/102/44 60/101/44 64/103/44 63/104/44
f 63/104/45 64/103/45 62/105/45 61/106/45
f 61/106/46 62/105/46 58/107/46 57/108/46
f 59/109/47 63/104/47 61/106/47 57/110/47
f 64/103/48 60/111/48 58/112/48 62/105/48
